National Health and Nutrition Examination Survey
Automated Data pull using `RNHANES` library in R
https://cran.r-project.org/web/packages/RNHANES/vignettes/introduction.html
Download: Wed Apr 28 16:38:55 2021 
Filename: _data/NHANES 04-28_1638 .csv
Files:  DEMO DIQ BPQ BPX FSQ LAB13 LAB13AM LAB10AM 
Cycles:  1999-2000 

── Data Summary ────────────────────────
                           Values
Name                       df_NH 
Number of rows             9965  
Number of columns          258   
_______________________          
Column type frequency:           
  character                2     
  numeric                  256   
________________________         
Group variables            None  

── Variable type: character ──────────────────────────────────────────────────────────────────────────────────────────────────────────────────────────────────────────────────────────────────────────────────────────────────────────────────────────────
  skim_variable n_missing complete_rate   min   max empty n_unique whitespace
1 Cycle                 0             1     9     9     0        1          0
2 SEQN_Cycle            0             1    11    14     0     9965          0

── Variable type: numeric ────────────────────────────────────────────────────────────────────────────────────────────────────────────────────────────────────────────────────────────────────────────────────────────────────────────────────────────────
    skim_variable n_missing complete_rate      mean         sd      p0      p25       p50       p75      p100 hist 
  1 SEQN                  0      1         4983      2877.       1     2492      4983       7474      9965    ▇▇▇▇▇
  2 SDDSRVYR              0      1            1         0        1        1         1          1         1    ▁▁▇▁▁
  3 RIDSTATR              0      1            1.93      0.253    1        2         2          2         2    ▁▁▁▁▇
  4 RIDEXMON            683      0.931        1.58      0.494    1        1         2          2         2    ▆▁▁▁▇
  5 RIAGENDR              0      1            1.51      0.500    1        1         2          2         2    ▇▁▁▁▇
  6 RIDAGEYR              0      1           29.7      24.8      0       11        19         48        85    ▇▃▂▂▂
  7 RIDAGEMN            173      0.983      351.      287.       0      129       231        562      1019    ▇▃▂▂▂
  8 RIDAGEEX            824      0.917      345.      284.       0      129       228        550      1019    ▇▃▂▂▂
  9 RIDRETH1              0      1            2.56      1.27     1        1         3          4         5    ▇▂▇▅▁
 10 RIDRETH2              0      1            2.23      1.13     1        1         2          3         5    ▇▅▇▁▂
 11 DMQMILIT           4234      0.575        1.89      0.420    1        2         2          2         9    ▇▁▁▁▁
 12 DMDBORN              11      0.999        1.26      0.593    1        1         1          1         9    ▇▁▁▁▁
 13 DMDCITZN              3      1.00         1.17      0.626    1        1         1          1         9    ▇▁▁▁▁
 14 DMDYRSUS           8067      0.190        6.96     14.8      1        3         4          6        99    ▇▁▁▁▁
 15 DMDEDUC3           6438      0.354        7.89      8.59     0        4         7         10        99    ▇▁▁▁▁
 16 DMDEDUC2           5087      0.490        2.99      1.40     1        2         3          4         9    ▇▇▃▁▁
 17 DMDEDUC            1559      0.844        1.64      0.913    1        1         1          2         9    ▇▂▁▁▁
 18 DMDSCHOL           6654      0.332        1.40      0.681    1        1         1          2         9    ▇▁▁▁▁
 19 DMDMARTL           3893      0.609        3.13      3.60     1        1         3          5        99    ▇▁▁▁▁
 20 DMDHHSIZ              0      1            3.92      1.78     1        2         4          5         7    ▇▅▆▅▆
 21 INDHHINC           1518      0.848        7.34      8.67     1        4         6          9        99    ▇▁▁▁▁
 22 INDFMINC            182      0.982       10.7      18.7      1        3         6         10        99    ▇▁▁▁▁
 23 INDFMPIR           1483      0.851        2.18      1.58     0        0.88      1.7        3.39      5    ▇▇▃▃▅
 24 RIDEXPRG           8003      0.197        1.95      0.512    1        2         2          2         3    ▂▁▇▁▁
 25 RIDPREG            8136      0.184        1.84      0.363    1        2         2          2         2    ▂▁▁▁▇
 26 DMDHRGND             12      0.999        1.44      0.496    1        1         1          2         2    ▇▁▁▁▆
 27 DMDHRAGE             12      0.999       44.9      16.3     17       33        41         54        85    ▃▇▅▂▂
 28 DMDHRBRN            388      0.961        1.43      0.708    1        1         1          2         7    ▇▁▁▁▁
 29 DMDHREDU            394      0.960        2.97      1.42     1        2         3          4         9    ▇▇▃▁▁
 30 DMDHRMAR           1903      0.809        2.53      5.49     1        1         1          3        99    ▇▁▁▁▁
 31 DMDHSEDU           6733      0.324        2.94      1.42     1        2         3          4         9    ▇▇▃▁▁
 32 WTINT2YR              0      1        27311.    30056.     975.    5948.    13381.     39425.   236864.   ▇▂▁▁▁
 33 WTINT4YR              0      1        13159.    14070.     621.    3097.     6813.     18699.   100652.   ▇▂▁▁▁
 34 WTMEC2YR              0      1        27311.    32529.       0     5131.    11715.     40696.   261361.   ▇▂▁▁▁
 35 WTMEC4YR              0      1        12949.    14938.       0     2648.     5848.     18491.   103831.   ▇▂▁▁▁
 36 SDMVPSU               0      1            1.54      0.560    1        1         2          2         3    ▇▁▇▁▁
 37 SDMVSTRA              0      1            6.68      3.77     1        3         7         10        13    ▇▅▇▅▇
 38 SDJ1REPN              0      1           26.6      14.9      1       14        27         39        52    ▇▇▇▇▇
 39 DMAETHN            9963      0.000201     1         0        1        1         1          1         1    ▁▁▇▁▁
 40 DMARACE            9963      0.000201     1         0        1        1         1          1         1    ▁▁▇▁▁
 41 WTMREP01              0      1        27311.    33004.       0     4730.    11453.     40718.   258537.   ▇▂▁▁▁
 42 WTMREP02              0      1        27311.    32987.       0     4324.    11612.     41152.   260735.   ▇▂▁▁▁
 43 WTMREP03              0      1        27311.    32559.       0     5119.    11725.     40695.   261390.   ▇▂▁▁▁
 44 WTMREP04              0      1        27311.    32680.       0     4955.    11673.     40572.   261672.   ▇▂▁▁▁
 45 WTMREP05              0      1        27311.    32969.       0     4712.    11617.     40810.   261039.   ▇▂▁▁▁
 46 WTMREP06              0      1        27311.    33072.       0     4703.    11574.     40721.   262491.   ▇▁▁▁▁
 47 WTMREP07              0      1        27311.    32920.       0     4833.    11457.     40614.   258632.   ▇▂▁▁▁
 48 WTMREP08              0      1        27311.    32974.       0     4645.    11715.     40768.   261428.   ▇▂▁▁▁
 49 WTMREP09              0      1        27311.    32976.       0     4795.    11480.     40679.   263135.   ▇▂▁▁▁
 50 WTMREP10              0      1        27311.    33207.       0     4675.    11435.     40906.   264326.   ▇▂▁▁▁
 51 WTMREP11              0      1        27311.    33492.       0     4609.    11162.     40738.   265083.   ▇▁▁▁▁
 52 WTMREP12              0      1        27311.    33121.       0     4591.    11583.     40710.   261045.   ▇▂▁▁▁
 53 WTMREP13              0      1        27311.    32883.       0     4614.    11684.     41110.   259966.   ▇▂▁▁▁
 54 WTMREP14              0      1        27311.    33413.       0     4727.    11201.     40496.   267824.   ▇▁▁▁▁
 55 WTMREP15              0      1        27311.    34148.       0     4390.    10868.     40319.   264049.   ▇▁▁▁▁
 56 WTMREP16              0      1        27311.    33668.       0     4594.    11033.     40754.   265141.   ▇▁▁▁▁
 57 WTMREP17              0      1        27311.    33110.       0     4497.    11693.     41010.   260426.   ▇▂▁▁▁
 58 WTMREP18              0      1        27311.    32794.       0     4835.    11544.     40748.   261367.   ▇▂▁▁▁
 59 WTMREP19              0      1        27311.    32999.       0     4747.    11517.     40663.   265394.   ▇▂▁▁▁
 60 WTMREP20              0      1        27311.    32603.       0     5072.    11692.     40686.   261810.   ▇▂▁▁▁
 61 WTMREP21              0      1        27311.    33058.       0     4642.    11506.     40833.   261041.   ▇▂▁▁▁
 62 WTMREP22              0      1        27311.    32538.       0     5014.    11688.     40690.   261411.   ▇▂▁▁▁
 63 WTMREP23              0      1        27311.    32882.       0     4865.    11506.     40418.   261819.   ▇▂▁▁▁
 64 WTMREP24              0      1        27311.    33035.       0     4826.    11446.     40431.   262433.   ▇▂▁▁▁
 65 WTMREP25              0      1        27311.    32564.       0     4877.    11693.     40713.   261362.   ▇▂▁▁▁
 66 WTMREP26              0      1        27311.    32947.       0     4716.    11570.     40713.   259974.   ▇▂▁▁▁
 67 WTMREP27              0      1        27311.    33829.       0     4493.    10976.     40710.   260116.   ▇▂▁▁▁
 68 WTMREP28              0      1        27311.    33380.       0     4603.    11281.     40628.   265884.   ▇▁▁▁▁
 69 WTMREP29              0      1        27311.    32767.       0     4870.    11634.     40383.   263108.   ▇▂▁▁▁
 70 WTMREP30              0      1        27311.    33372.       0     4545.    11306.     40656.   261762.   ▇▂▁▁▁
 71 WTMREP31              0      1        27311.    32664.       0     4980.    11711.     40616.   262964.   ▇▂▁▁▁
 72 WTMREP32              0      1        27311.    33460.       0     4545.    11101.     40960.   254091.   ▇▂▁▁▁
 73 WTMREP33              0      1        27311.    33161.       0     4688.    11463.     40744.   259603.   ▇▂▁▁▁
 74 WTMREP34              0      1        27311.    32739.       0     4817.    11596.     40719.   261548.   ▇▂▁▁▁
 75 WTMREP35              0      1        27311.    32948.       0     4702.    11711.     40768.   253437.   ▇▂▁▁▁
 76 WTMREP36              0      1        27311.    33305.       0     4723.    11251.     40528.   261427.   ▇▂▁▁▁
 77 WTMREP37              0      1        27311.    32622.       0     5021.    11631.     40690.   262556.   ▇▂▁▁▁
 78 WTMREP38              0      1        27311.    33069.       0     4670.    11572.     40662.   265965.   ▇▂▁▁▁
 79 WTMREP39              0      1        27311.    33012.       0     4850.    11464.     40468.   263382.   ▇▂▁▁▁
 80 WTMREP40              0      1        27311.    32645.       0     4990.    11643.     40585.   262655.   ▇▂▁▁▁
 81 WTMREP41              0      1        27311.    33389.       0     4516.    11327.     40610.   263442.   ▇▁▁▁▁
 82 WTMREP42              0      1        27311.    33607.       0     4631.    11062.     40633.   263488.   ▇▁▁▁▁
 83 WTMREP43              0      1        27311.    33144.       0     4682.    11509.     40584.   263992.   ▇▁▁▁▁
 84 WTMREP44              0      1        27311.    33084.       0     4684.    11472.     40644.   262044.   ▇▂▁▁▁
 85 WTMREP45              0      1        27311.    33538.       0     4592.    11042.     40974.   257749.   ▇▂▁▁▁
 86 WTMREP46              0      1        27311.    33379.       0     4586.    11317.     40549.   266060.   ▇▂▁▁▁
 87 WTMREP47              0      1        27311.    33172.       0     4625.    11517.     40704.   252840.   ▇▂▁▁▁
 88 WTMREP48              0      1        27311.    32668.       0     4819.    11752.     40769.   261675.   ▇▂▁▁▁
 89 WTMREP49              0      1        27311.    32870.       0     4687.    11635.     41013.   261134.   ▇▂▁▁▁
 90 WTMREP50              0      1        27311.    32918.       0     4761.    11684.     40482.   261981.   ▇▂▁▁▁
 91 WTMREP51              0      1        27311.    33352.       0     4651.    11390.     40552.   259613.   ▇▁▁▁▁
 92 WTMREP52              0      1        27311.    33006.       0     4336.    11743.     40965.   260463.   ▇▂▁▁▁
 93 WTIREP01              0      1        27311.    30588.       0     5879.    13214.     39410.   238421.   ▇▂▁▁▁
 94 WTIREP02              0      1        27311.    30489.       0     5838.    13265.     40105.   237014.   ▇▂▁▁▁
 95 WTIREP03              0      1        27311.    30086.       0     6016.    13355.     39480.   236865.   ▇▂▁▁▁
 96 WTIREP04              0      1        27311.    30205.       0     5993.    13386.     39220.   237416.   ▇▂▁▁▁
 97 WTIREP05              0      1        27311.    30518.       0     5849.    13403.     39302.   237748.   ▇▂▁▁▁
 98 WTIREP06              0      1        27311.    30573.       0     5857.    13313.     39536.   238188.   ▇▂▁▁▁
 99 WTIREP07              0      1        27311.    30446.       0     5873.    13223.     39207.   235375.   ▇▂▁▁▁
100 WTIREP08              0      1        27311.    30500.       0     5911.    13443.     39463.   237536.   ▇▂▁▁▁
101 WTIREP09              0      1        27311.    30475.       0     5870.    13267.     39419.   238836.   ▇▂▁▁▁
102 WTIREP10              0      1        27311.    30732.       0     5823.    13135.     39554.   240732.   ▇▂▁▁▁
103 WTIREP11              0      1        27311.    31039.       0     5774.    12786.     39613.   240440.   ▇▂▁▁▁
104 WTIREP12              0      1        27311.    30608.       0     5836.    13399.     39596.   237834.   ▇▂▁▁▁
105 WTIREP13              0      1        27311.    30410.       0     5876.    13332.     40071.   236237.   ▇▂▁▁▁
106 WTIREP14              0      1        27311.    30932.       0     5782.    12820.     39500.   242715.   ▇▂▁▁▁
107 WTIREP15              0      1        27311.    31596.       0     5684.    12382.     39914.   241151.   ▇▂▁▁▁
108 WTIREP16              0      1        27311.    31139.       0     5744.    12619.     39832.   241052.   ▇▂▁▁▁
109 WTIREP17              0      1        27311.    30602.       0     5843.    13479.     39525.   237292.   ▇▂▁▁▁
110 WTIREP18              0      1        27311.    30303.       0     5980.    13360.     39163.   237122.   ▇▂▁▁▁
111 WTIREP19              0      1        27311.    30553.       0     5895.    13214.     39426.   240663.   ▇▂▁▁▁
112 WTIREP20              0      1        27311.    30140.       0     5994.    13391.     39437.   237367.   ▇▂▁▁▁
113 WTIREP21              0      1        27311.    30651.       0     5825.    13049.     39541.   238551.   ▇▂▁▁▁
114 WTIREP22              0      1        27311.    30066.       0     6052.    13392.     39425.   236979.   ▇▂▁▁▁
115 WTIREP23              0      1        27311.    30397.       0     5944.    13364.     39302.   237791.   ▇▂▁▁▁
116 WTIREP24              0      1        27311.    30534.       0     5932.    13208.     39260.   238519.   ▇▂▁▁▁
117 WTIREP25              0      1        27311.    30090.       0     6075.    13384.     39425.   236876.   ▇▂▁▁▁
118 WTIREP26              0      1        27311.    30528.       0     5871.    13304.     39374.   237925.   ▇▂▁▁▁
119 WTIREP27              0      1        27311.    31262.       0     5705.    12462.     39984.   238878.   ▇▂▁▁▁
120 WTIREP28              0      1        27311.    30883.       0     5828.    12948.     39441.   241459.   ▇▂▁▁▁
121 WTIREP29              0      1        27311.    30349.       0     5946.    13381.     39241.   237716.   ▇▂▁▁▁
122 WTIREP30              0      1        27311.    30853.       0     5786.    13060.     39512.   238268.   ▇▂▁▁▁
123 WTIREP31              0      1        27311.    30189.       0     5996.    13406.     39287.   238065.   ▇▂▁▁▁
124 WTIREP32              0      1        27311.    30937.       0     5763.    12740.     39855.   232851.   ▇▂▁▁▁
125 WTIREP33              0      1        27311.    30779.       0     5811.    13186.     39413.   237123.   ▇▂▁▁▁
126 WTIREP34              0      1        27311.    30267.       0     5984.    13437.     39531.   237637.   ▇▂▁▁▁
127 WTIREP35              0      1        27311.    30453.       0     5957.    13360.     39545.   232642.   ▇▂▁▁▁
128 WTIREP36              0      1        27311.    30869.       0     5763.    12934.     39265.   238208.   ▇▂▁▁▁
129 WTIREP37              0      1        27311.    30144.       0     6021.    13409.     39425.   237795.   ▇▂▁▁▁
130 WTIREP38              0      1        27311.    30603.       0     5852.    13207.     39439.   241174.   ▇▂▁▁▁
131 WTIREP39              0      1        27311.    30521.       0     5861.    13211.     39302.   239060.   ▇▂▁▁▁
132 WTIREP40              0      1        27311.    30157.       0     5992.    13417.     39163.   237986.   ▇▂▁▁▁
133 WTIREP41              0      1        27311.    30846.       0     5810.    13130.     39496.   239760.   ▇▂▁▁▁
134 WTIREP42              0      1        27311.    31089.       0     5745.    12650.     39648.   239611.   ▇▂▁▁▁
135 WTIREP43              0      1        27311.    30666.       0     5872.    13330.     39366.   239321.   ▇▂▁▁▁
136 WTIREP44              0      1        27311.    30599.       0     5825.    13144.     39524.   237572.   ▇▂▁▁▁
137 WTIREP45              0      1        27311.    31044.       0     5737.    12603.     40103.   235750.   ▇▂▁▁▁
138 WTIREP46              0      1        27311.    30850.       0     5806.    13029.     39787.   241834.   ▇▂▁▁▁
139 WTIREP47              0      1        27311.    30723.       0     5824.    13137.     39840.   232739.   ▇▂▁▁▁
140 WTIREP48              0      1        27311.    30187.       0     5989.    13384.     39496.   237148.   ▇▂▁▁▁
141 WTIREP49              0      1        27311.    30385.       0     5888.    13242.     39949.   237076.   ▇▂▁▁▁
142 WTIREP50              0      1        27311.    30437.       0     5909.    13320.     39118.   238360.   ▇▂▁▁▁
143 WTIREP51              0      1        27311.    30905.       0     5812.    12999.     39387.   236649.   ▇▂▁▁▁
144 WTIREP52              0      1        27311.    30507.       0     5803.    13484.     40037.   236964.   ▇▂▁▁▁
145 DIQ010              477      0.952        1.96      0.281    1        2         2          2         9    ▇▁▁▁▁
146 DIQ040G            9476      0.0491       1.04      0.395    1        1         1          1         9    ▇▁▁▁▁
147 DIQ040Q            9490      0.0477     681.     7926.       1       40        51         62     99999    ▇▁▁▁▁
148 DIQ050             3316      0.667        1.98      0.178    1        2         2          2         9    ▇▁▁▁▁
149 DIQ060G            9827      0.0138       1.02      0.146    1        1         1          1         2    ▇▁▁▁▁
150 DIQ060Q            9830      0.0135     751.     8606.       1        5         8         14.5   99999    ▇▁▁▁▁
151 DIQ060U            9831      0.0134       1.93      0.264    1        2         2          2         2    ▁▁▁▁▇
152 DIQ070             9476      0.0491       1.35      0.675    1        1         1          2         9    ▇▁▁▁▁
153 DIQ080             9485      0.0482       1.81      1.10     1        1         2          2         9    ▇▁▁▁▁
154 DIQ090             6781      0.320        1.98      0.322    1        2         2          2         9    ▇▁▁▁▁
155 DIQ100             6781      0.320        1.82      0.480    1        2         2          2         9    ▇▁▁▁▁
156 DIQ110             9344      0.0623       1.88      0.863    1        1         2          3         3    ▇▁▅▁▆
157 DIQ120             6781      0.320        1.84      0.584    1        2         2          2         9    ▇▁▁▁▁
158 DIQ130             9358      0.0609       1.92      0.864    1        1         2          3         3    ▇▁▅▁▆
159 DIQ140             6781      0.320        1.73      0.535    1        1         2          2         9    ▇▁▁▁▁
160 DIQ150             9071      0.0897       1.46      0.612    1        1         1          2         9    ▇▁▁▁▁
161 BPQ010             3925      0.606        1.60      1.07     1        1         1          2         9    ▇▂▁▁▁
162 BPQ020             4014      0.597        1.76      0.537    1        1         2          2         9    ▇▁▁▁▁
163 BPQ030             8433      0.154        1.19      0.513    1        1         1          1         9    ▇▁▁▁▁
164 BPQ040A            8433      0.154        1.20      0.426    1        1         1          1         7    ▇▁▁▁▁
165 BPQ040B            8433      0.154        1.51      0.586    1        1         1          2         9    ▇▁▁▁▁
166 BPQ040C            8433      0.154        1.36      0.599    1        1         1          2         9    ▇▁▁▁▁
167 BPQ040D            8433      0.154        1.42      0.611    1        1         1          2         9    ▇▁▁▁▁
168 BPQ040E            8433      0.154        1.77      0.646    1        1         2          2         9    ▇▁▁▁▁
169 BPQ040F            8433      0.154        1.94      0.468    1        2         2          2         9    ▇▁▁▁▁
170 BPQ043A            9929      0.00361      1         0        1        1         1          1         1    ▁▁▇▁▁
171 BPQ043B            9958      0.000702     2         0        2        2         2          2         2    ▁▁▇▁▁
172 BPQ043C            9916      0.00492      3         0        3        3         3          3         3    ▁▁▇▁▁
173 BPQ043D            9921      0.00442      4         0        4        4         4          4         4    ▁▁▇▁▁
174 BPQ050A            8740      0.123        1.13      0.333    1        1         1          1         2    ▇▁▁▁▁
175 BPQ050B            9193      0.0775       1.27      0.443    1        1         1          2         2    ▇▁▁▁▃
176 BPQ050C            8954      0.101        1.12      0.320    1        1         1          1         2    ▇▁▁▁▁
177 BPQ050D            9055      0.0913       1.37      0.483    1        1         1          2         2    ▇▁▁▁▅
178 BPQ050E            9563      0.0403       1.18      0.388    1        1         1          1         2    ▇▁▁▁▂
179 BPQ060             5088      0.489        1.59      1.47     1        1         1          2         9    ▇▁▁▁▁
180 BPQ070             6774      0.320        1.64      1.15     1        1         1          2         9    ▇▂▁▁▁
181 BPQ080             6774      0.320        1.69      0.818    1        1         2          2         9    ▇▁▁▁▁
182 BPQ090A            8799      0.117        1.19      0.543    1        1         1          1         9    ▇▁▁▁▁
183 BPQ090B            8799      0.117        1.47      0.588    1        1         1          2         9    ▇▁▁▁▁
184 BPQ090C            8799      0.117        1.38      0.617    1        1         1          2         9    ▇▁▁▁▁
185 BPQ090D            8799      0.117        1.54      0.699    1        1         2          2         9    ▇▁▁▁▁
186 BPQ100A            8994      0.0974       1.18      0.452    1        1         1          1         9    ▇▁▁▁▁
187 BPQ100B            9330      0.0637       1.25      0.603    1        1         1          1         9    ▇▁▁▁▁
188 BPQ100C            9223      0.0745       1.30      0.459    1        1         1          2         2    ▇▁▁▁▃
189 BPQ100D            9395      0.0572       1.23      0.419    1        1         1          1         2    ▇▁▁▁▂
190 BPQ110A            6254      0.372        1.69      0.518    1        1         2          2         9    ▇▁▁▁▁
191 BPQ110B            6254      0.372        1.83      0.453    1        2         2          2         9    ▇▁▁▁▁
192 BPQ110C            6254      0.372        1.85      0.437    1        2         2          2         9    ▇▁▁▁▁
193 BPQ120             9770      0.0196       1.48      0.501    1        1         1          2         2    ▇▁▁▁▇
194 BPQ130             9434      0.0533       1.69      0.462    1        1         2          2         2    ▃▁▁▁▇
195 BPQ140             9542      0.0424       1.77      0.557    1        2         2          2         9    ▇▁▁▁▁
196 PEASCST1            683      0.931        1.07      0.351    1        1         1          1         3    ▇▁▁▁▁
197 PEASCTM1            683      0.931      579.      326.       0      503.      651        767      4051    ▇▂▁▁▁
198 PEASCCT1            683      0.931        1.69     10.8      0        0         0          0        99    ▇▁▁▁▁
199 BPXCHR             8221      0.175      108.       22.0     50       92       106        120       180    ▁▇▇▂▁
200 BPQ150A            2705      0.729        1.72      0.448    1        1         2          2         2    ▃▁▁▁▇
201 BPQ150B            2705      0.729        2.00      0.0235   1        2         2          2         2    ▁▁▁▁▇
202 BPQ150C            2705      0.729        2.00      0.0642   1        2         2          2         2    ▁▁▁▁▇
203 BPQ150D            2705      0.729        1.99      0.104    1        2         2          2         2    ▁▁▁▁▇
204 BPAARM             2705      0.729        1.02      0.293    1        1         1          1         8    ▇▁▁▁▁
205 BPACSZ             2721      0.727        3.18      0.792    1        3         3          4         5    ▁▃▇▅▁
206 BPXPLS             2712      0.728       74.0      12.8     36       64        72         82       142    ▁▇▃▁▁
207 BPXDB              9908      0.00572      2.70      1.64     1        1         2          4         6    ▇▁▃▁▁
208 BPXPULS             962      0.903        1.03      0.170    1        1         1          1         2    ▇▁▁▁▁
209 BPXPTY             2709      0.728        1.00      0.0352   1        1         1          1         2    ▇▁▁▁▁
210 BPXML1             2736      0.725      147.       22.2    100      130       140        160       260    ▆▇▂▁▁
211 BPXSY1             3508      0.648      121.       21.4     74      106       116        130       242    ▃▇▂▁▁
212 BPXDI1             3508      0.648       67.1      14.8      0       60        68         76       132    ▁▁▇▂▁
213 BPAEN1             2737      0.725        2.00      0.0166   1        2         2          2         2    ▁▁▁▁▇
214 BPXSY2             3597      0.639      120.       20.3     72      106       116        128       226    ▂▇▂▁▁
215 BPXDI2             3597      0.639       67.4      14.6      0       60        68         76       128    ▁▁▇▂▁
216 BPAEN2             2737      0.725        1.99      0.101    1        2         2          2         2    ▁▁▁▁▇
217 BPXSY3             3709      0.628      119.       19.7     74      106       114        128       232    ▃▇▂▁▁
218 BPXDI3             3710      0.628       67.8      14.3      0       60        68         76       120    ▁▁▇▅▁
219 BPAEN3             2737      0.725        1.99      0.117    1        2         2          2         2    ▁▁▁▁▇
220 BPXSY4             8322      0.165      119.       20.0     72      106       116        128       234    ▃▇▂▁▁
221 BPXDI4             8322      0.165       65.4      18.1      0       58        68         76       136    ▁▂▇▂▁
222 BPAEN4             7829      0.214        1.98      0.154    1        2         2          2         2    ▁▁▁▁▇
223 BPXSAR             2750      0.724      119.       20.2     73      106       115        128       233    ▃▇▂▁▁
224 BPXDAR             2750      0.724       67.3      14.4      0       60        68         76       132    ▁▁▇▂▁
225 FSD010              169      0.983        1.30      0.623    1        1         1          1         9    ▇▁▁▁▁
226 FSD160              169      0.983        1.82      0.523    1        2         2          2         9    ▇▁▁▁▁
227 FSD170N            8461      0.151        2.86      8.79     1        1         1          3        99    ▇▁▁▁▁
228 FSD180             8461      0.151        1.57      0.737    1        1         2          2         9    ▇▁▁▁▁
229 FSD190             9415      0.0552       9.81      7.74     1        6        12         12        99    ▇▁▁▁▁
230 FSD200             9415      0.0552       1.17      0.585    1        1         1          1         9    ▇▁▁▁▁
231 FSD655             8600      0.137        1.45      0.642    1        1         1          2         9    ▇▁▁▁▁
232 FSD660C            9186      0.0782       1.17      0.373    1        1         1          1         2    ▇▁▁▁▂
233 FSD665             9200      0.0768       3.4       1.93     1        2         3          5         6    ▇▂▂▃▅
234 FSQ650             9534      0.0433       1.43      0.496    1        1         1          2         2    ▇▁▁▁▆
235 FSD660M            9721      0.0245       1.12      0.329    1        1         1          1         2    ▇▁▁▁▁
236 FSD670             9722      0.0244       1.80      0.830    1        1         2          3         3    ▇▁▅▁▅
237 HHFDSEC             266      0.973        1.50      0.899    1        1         1          2         4    ▇▁▁▂▁
238 ADFDSEC             266      0.973        1.47      0.873    1        1         1          2         4    ▇▁▁▁▁
239 CHFDSEC            3260      0.673        1.37      0.765    1        1         1          1         4    ▇▁▁▁▁
240 LBXTC              2536      0.746      187.       42.9     72      156       182        213       575    ▆▇▁▁▁
241 LBDTCSI            2536      0.746        4.83      1.11     1.86     4.03      4.71       5.51     14.9  ▆▇▁▁▁
242 LBDHDL             2541      0.745       51.0      14.1      8       41        49         59       138    ▁▇▂▁▁
243 LBDHDLSI           2541      0.745        1.32      0.364    0.21     1.06      1.26       1.52      3.58 ▁▇▂▁▁
244 WTSAF2YR.x         6050      0.393    66418.    81337.       0     8038.    25465.    100626.   548459.   ▇▂▁▁▁
245 WTSAF4YR.x         6050      0.393    30650.    36034.       0     4989.    13072.     45311.   232307.   ▇▂▁▁▁
246 LBXTR              6462      0.352      124.       95.4     21       67        98        148      1538    ▇▁▁▁▁
247 LBDTRSI            6462      0.352        1.40      1.08     0.24     0.76      1.11       1.67     17.4  ▇▁▁▁▁
248 LBDLDL             6794      0.318      112.       35.3     23       87       108        133       320    ▂▇▂▁▁
249 LBDLDLSI           6794      0.318        2.90      0.914    0.59     2.25      2.79       3.44      8.28 ▂▇▂▁▁
250 WTSAF2YR.y         6698      0.328    68379.    82952.       0     6712.    28308.    102182.   548459.   ▇▂▁▁▁
251 WTSAF4YR.y         6698      0.328    31785.    37124.       0     4080.    15354.     45997.   225451.   ▇▂▁▁▁
252 LBXGLU             6930      0.305       99.7      32.2     56.7     87.3      93.2      101.      587.   ▇▁▁▁▁
253 LBXGLUSI           6930      0.305        5.54      1.79     3.15     4.85      5.18       5.62     32.6  ▇▁▁▁▁
254 LBXCPSI            6980      0.300        0.838     0.484    0.021    0.532     0.722      1.01      7.40 ▇▁▁▁▁
255 LBXIN              6979      0.300       14.2      12.8      1.77     7.54     10.9       16.4     269.   ▇▁▁▁▁
256 LBXINSI            6979      0.300       85.0      76.7     10.6     45.2      65.6       98.4    1614.   ▇▁▁▁▁
