National Health and Nutrition Examination Survey
Automated Data pull using `RNHANES` library in R
https://cran.r-project.org/web/packages/RNHANES/vignettes/introduction.html
Download: Wed Apr 28 09:57:04 2021 
Filename: _data/NHANES 04-28_0957 .csv
Files:  DEMO DIQ BPQ FSQ L13 L13AM 
Cycles:  2003-2004 

── Data Summary ────────────────────────
                           Values
Name                       df_NH 
Number of rows             10122 
Number of columns          153   
Key                        NULL  
_______________________          
Column type frequency:           
  character                2     
  numeric                  151   
________________________         
Group variables            None  

── Variable type: character ──────────────────────────────────────────────────────────────────────────────────────────────────────────────────────────────────────────────────────────────────────────────────────────────────────────────────────────────
  skim_variable n_missing complete_rate   min   max empty n_unique whitespace
1 Cycle                 0             1     9     9     0        1          0
2 SEQN_Cycle            0             1    15    15     0    10122          0

── Variable type: numeric ────────────────────────────────────────────────────────────────────────────────────────────────────────────────────────────────────────────────────────────────────────────────────────────────────────────────────────────────
    skim_variable n_missing complete_rate      mean         sd        p0       p25      p50       p75      p100 hist 
  1 SEQN                  0      1        26066.     2922.     21005     23535.    26066.    28596.    31126    ▇▇▇▇▇
  2 SDDSRVYR              0      1            3         0          3         3         3         3         3    ▁▁▇▁▁
  3 RIDSTATR              0      1            1.95      0.212      1         2         2         2         2    ▁▁▁▁▇
  4 RIDEXMON            479      0.953        1.52      0.500      1         1         2         2         2    ▇▁▁▁▇
  5 RIAGENDR              0      1            1.51      0.500      1         1         2         2         2    ▇▁▁▁▇
  6 RIDAGEYR              0      1           30.1      25.3        0        10        19        49        85    ▇▃▂▂▂
  7 RIDAGEMN            223      0.978      351.      291.         0       122       234       570      1019    ▇▅▂▂▂
  8 RIDAGEEX            692      0.932      348.      288.         0       123       233       562      1019    ▇▅▂▂▂
  9 RIDRETH1              0      1            2.82      1.20       1         2         3         4         5    ▅▁▇▅▁
 10 RIDRETH2              0      1            2.00      1.05       1         1         2         3         5    ▇▅▅▁▁
 11 DMQMILIT           4196      0.585        1.87      0.350      1         2         2         2         7    ▇▁▁▁▁
 12 DMDBORN               0      1            1.21      0.546      1         1         1         1         7    ▇▁▁▁▁
 13 DMDCITZN              0      1            1.09      0.313      1         1         1         1         7    ▇▁▁▁▁
 14 DMDYRSUS           8678      0.143        5.48     10.3        1         2         4         6        99    ▇▁▁▁▁
 15 DMDEDUC3           6785      0.330        8.07      8.64       0         4         7        10        99    ▇▁▁▁▁
 16 DMDEDUC2           5081      0.498        3.21      1.33       1         2         3         4         9    ▅▇▃▁▁
 17 DMDEDUC            1744      0.828        1.77      0.921      1         1         1         3         9    ▇▃▁▁▁
 18 DMDSCHOL           6995      0.309        1.41      0.661      1         1         1         2         3    ▇▁▂▁▁
 19 DMDMARTL           3356      0.668        3.02      1.91       1         1         3         5         6    ▇▁▁▆▁
 20 DMDHHSIZ              0      1            3.78      1.74       1         2         4         5         7    ▇▅▆▅▅
 21 INDHHINC            629      0.938        7.17      7.06       1         4         6         9        99    ▇▁▁▁▁
 22 INDFMINC            158      0.984        7.59     11.0        1         3         6         9        99    ▇▁▁▁▁
 23 INDFMPIR            587      0.942        2.21      1.58       0         0.91      1.76      3.42      5    ▇▇▅▃▆
 24 RIDEXPRG           6992      0.309        1.99      0.421      1         2         2         2         3    ▁▁▇▁▁
 25 DMDHRGND              1      1.00         1.47      0.499      1         1         1         2         2    ▇▁▁▁▇
 26 DMDHRAGE              1      1.00        44.8      17.2       16        32        41        55        85    ▅▇▅▂▂
 27 DMDHRBRN            354      0.965        1.34      0.650      1         1         1         1         3    ▇▁▂▁▁
 28 DMDHREDU            354      0.965        3.18      1.34       1         2         3         4         9    ▅▇▂▁▁
 29 DMDHRMAR            289      0.971        2.58      5.64       1         1         1         3        99    ▇▁▁▁▁
 30 DMDHSEDU           4741      0.532        3.27      1.36       1         2         3         4         9    ▅▇▃▁▁
 31 SIALANG               0      1            1.11      0.315      1         1         1         1         2    ▇▁▁▁▁
 32 SIAPROXY              0      1            1.61      0.489      1         1         2         2         2    ▅▁▁▁▇
 33 SIAINTRP              0      1            1.98      0.128      1         2         2         2         2    ▁▁▁▁▇
 34 FIALANG             139      0.986        1.08      0.271      1         1         1         1         2    ▇▁▁▁▁
 35 FIAPROXY            139      0.986        2.00      0.0538     1         2         2         2         2    ▁▁▁▁▇
 36 FIAINTRP            139      0.986        1.99      0.120      1         2         2         2         2    ▁▁▁▁▇
 37 MIALANG            3689      0.636        1.08      0.272      1         1         1         1         2    ▇▁▁▁▁
 38 MIAPROXY           3689      0.636        2.00      0.0557     1         2         2         2         2    ▁▁▁▁▇
 39 MIAINTRP           3689      0.636        1.99      0.0746     1         2         2         2         2    ▁▁▁▁▇
 40 AIALANG            5413      0.465        1.08      0.271      1         1         1         1         2    ▇▁▁▁▁
 41 WTINT2YR              0      1        28277.    26721.      1499.     6792.    18937.    40507.   156320.   ▇▂▁▁▁
 42 WTMEC2YR              0      1        28277.    28181.         0      6441.    18504.    40656.   159303.   ▇▂▁▁▁
 43 SDMVPSU               0      1            1.50      0.500      1         1         2         2         2    ▇▁▁▁▇
 44 SDMVSTRA              0      1           35.9       4.29      29        32        36        40        43    ▇▇▇▇▇
 45 DIQ010              477      0.953        1.96      0.316      1         2         2         2         9    ▇▁▁▁▁
 46 DID040G            9563      0.0552       1.06      0.596      1         1         1         1         9    ▇▁▁▁▁
 47 DID040Q            9574      0.0541      49.3      19.2        1        39        51        63        88    ▂▂▇▇▂
 48 DIQ050              477      0.953        1.99      0.121      1         2         2         2         2    ▁▁▁▁▇
 49 DID060G            9978      0.0142       1.06      0.667      1         1         1         1         9    ▇▁▁▁▁
 50 DID060Q            9979      0.0141      10.1      10.3        1         3         5        14        47    ▇▂▁▁▁
 51 DIQ060U            9979      0.0141       1.90      0.298      1         2         2         2         2    ▁▁▁▁▇
 52 DIQ070             9563      0.0552       1.31      0.560      1         1         1         2         9    ▇▁▁▁▁
 53 DIQ080             9577      0.0538       1.83      0.743      1         2         2         2         9    ▇▁▁▁▁
 54 DIQ090             6823      0.326        1.97      0.318      1         2         2         2         9    ▇▁▁▁▁
 55 DIQ100             6823      0.326        1.77      0.477      1         2         2         2         9    ▇▁▁▁▁
 56 DIQ110             9347      0.0766       1.89      0.882      1         1         2         3         3    ▇▁▃▁▆
 57 DIQ120             6823      0.326        1.78      0.492      1         2         2         2         9    ▇▁▁▁▁
 58 DIQ130             9352      0.0761       1.85      0.867      1         1         2         3         3    ▇▁▃▁▆
 59 DIQ140             6823      0.326        1.71      0.568      1         1         2         2         9    ▇▁▁▁▁
 60 DIQ150             9132      0.0978       1.42      0.548      1         1         1         2         9    ▇▁▁▁▁
 61 BPQ010             3909      0.614        1.54      1.02       1         1         1         2         9    ▇▁▁▁▁
 62 BPQ020             3984      0.606        1.73      0.602      1         1         2         2         9    ▇▁▁▁▁
 63 BPQ030             8321      0.178        1.21      0.567      1         1         1         1         9    ▇▁▁▁▁
 64 BPQ040A            8321      0.178        1.20      0.472      1         1         1         1         9    ▇▁▁▁▁
 65 BPQ040B            8321      0.178        1.55      0.683      1         1         2         2         9    ▇▁▁▁▁
 66 BPQ040C            8321      0.178        1.38      0.674      1         1         1         2         9    ▇▁▁▁▁
 67 BPQ040D            8321      0.178        1.41      0.631      1         1         1         2         9    ▇▁▁▁▁
 68 BPQ040E            8321      0.178        1.79      0.592      1         2         2         2         9    ▇▁▁▁▁
 69 BPQ040F            8321      0.178        1.91      0.420      1         2         2         2         9    ▇▁▁▁▁
 70 BPQ043A           10055      0.00662      1         0          1         1         1         1         1    ▁▁▇▁▁
 71 BPQ043B           10118      0.000395     2         0          2         2         2         2         2    ▁▁▇▁▁
 72 BPQ043C           10063      0.00583      3         0          3         3         3         3         3    ▁▁▇▁▁
 73 BPQ043D           10062      0.00593      4         0          4         4         4         4         4    ▁▁▇▁▁
 74 BPQ050A            8670      0.143        1.12      0.375      1         1         1         1         9    ▇▁▁▁▁
 75 BPQ050B            9255      0.0857       1.23      0.556      1         1         1         1         9    ▇▁▁▁▁
 76 BPQ050C            8965      0.114        1.13      0.335      1         1         1         1         2    ▇▁▁▁▁
 77 BPQ050D            9027      0.108        1.41      0.492      1         1         1         2         2    ▇▁▁▁▆
 78 BPQ050E            9709      0.0408       1.22      0.412      1         1         1         1         2    ▇▁▁▁▂
 79 BPQ060             5082      0.498        1.55      1.48       1         1         1         2         9    ▇▁▁▁▁
 80 BPQ070             6636      0.344        1.58      1.08       1         1         1         2         9    ▇▂▁▁▁
 81 BPQ080             6636      0.344        1.65      0.942      1         1         2         2         9    ▇▁▁▁▁
 82 BPQ090A            8612      0.149        1.25      0.770      1         1         1         1         9    ▇▁▁▁▁
 83 BPQ090B            8612      0.149        1.48      0.660      1         1         1         2         9    ▇▁▁▁▁
 84 BPQ090C            8612      0.149        1.37      0.675      1         1         1         2         9    ▇▁▁▁▁
 85 BPQ090D            8612      0.149        1.42      0.627      1         1         1         2         9    ▇▁▁▁▁
 86 BPQ100A            8905      0.120        1.20      0.455      1         1         1         1         9    ▇▁▁▁▁
 87 BPQ100B            9296      0.0816       1.23      0.421      1         1         1         1         2    ▇▁▁▁▂
 88 BPQ100C            9130      0.0980       1.31      0.464      1         1         1         2         2    ▇▁▁▁▃
 89 BPQ100D            9225      0.0886       1.19      0.394      1         1         1         1         2    ▇▁▁▁▂
 90 BPD110A            6592      0.349        1.69      0.555      1         1         2         2         9    ▇▁▁▁▁
 91 BPD110B            6592      0.349        1.83      0.470      1         2         2         2         9    ▇▁▁▁▁
 92 BPD110C            6592      0.349        1.84      0.446      1         2         2         2         9    ▇▁▁▁▁
 93 BPD120             9829      0.0289       1.48      0.500      1         1         1         2         2    ▇▁▁▁▇
 94 BPD130             9438      0.0676       1.67      0.551      1         1         2         2         9    ▇▁▁▁▁
 95 BPD140             9604      0.0512       1.75      0.435      1         1         2         2         2    ▃▁▁▁▇
 96 FSD032A             428      0.958        3.43      1.62       1         3         3         3         9    ▃▇▁▃▁
 97 FSD032B             428      0.958        3.48      1.56       1         3         3         3         9    ▃▇▁▃▁
 98 FSD032C             428      0.958        3.55      1.52       1         3         3         3         9    ▂▇▁▃▁
 99 FSD032D            3675      0.637        3.35      1.49       1         3         3         3         9    ▃▇▁▃▁
100 FSD032E            3675      0.637        3.44      1.43       1         3         3         3         9    ▂▇▁▃▁
101 FSD032F            6531      0.355        3.94      1.66       1         3         3         6         9    ▃▇▁▆▁
102 FSD041             5009      0.505        3.68      2.20       1         2         2         6         7    ▇▁▁▁▇
103 FSD052             6808      0.327        4.84      1.89       1         3         6         6         9    ▂▁▁▇▁
104 FSD061             5009      0.505        3.68      2.20       1         2         2         6         7    ▇▁▁▁▇
105 FSD071             5009      0.505        3.77      2.11       1         2         2         6         9    ▇▁▁▇▁
106 FSD081             5009      0.505        3.84      2.06       1         2         2         6         9    ▇▁▁▇▁
107 FSD092             6415      0.366        4.51      2.01       1         2         6         6         6    ▅▁▁▁▇
108 FSD102             7538      0.255        5.67      1.12       1         6         6         6         6    ▁▁▁▁▇
109 FSD111             7664      0.243        4.10      2.09       1         2         6         6         6    ▇▁▁▁▇
110 FSD122             7664      0.243        4.15      2.04       1         2         6         6         9    ▇▁▁▇▁
111 FSD132             8707      0.140        5.79      0.911      1         6         6         6         6    ▁▁▁▁▇
112 FSD141             7664      0.243        4.14      2.07       1         2         6         6         9    ▇▁▁▇▁
113 FSD146             7664      0.243        4.17      2.00       1         2         6         6         6    ▇▁▁▁▇
114 FSDHH               459      0.955        1.54      0.949      1         1         1         2         4    ▇▁▁▂▁
115 FSDAD               459      0.955        1.51      0.924      1         1         1         2         4    ▇▁▁▁▁
116 FSDCH              3702      0.634        1.42      0.789      1         1         1         1         4    ▇▁▁▂▁
117 FSD151              431      0.957        2.91      1.81       1         2         2         2         9    ▇▁▁▂▁
118 FSQ400             8916      0.119        1.88      0.743      1         2         2         2         9    ▇▁▁▁▁
119 FSQ410             9904      0.0215       8.00     12.4        1         2         4         7        77    ▇▁▁▁▁
120 FSQ420             8916      0.119        1.88      0.738      1         2         2         2         9    ▇▁▁▁▁
121 FSQ430             8916      0.119        1.96      0.661      1         2         2         2         9    ▇▁▁▁▁
122 FSQ440             8916      0.119        2.09      1.02       1         2         2         2         9    ▇▁▁▁▁
123 FSQ450             9848      0.0271       1.86      0.350      1         2         2         2         2    ▁▁▁▁▇
124 FSQ460            10083      0.00385      9.03     20.0        1         2         2         5.5      77    ▇▁▁▁▁
125 FSQ470             9203      0.0908       1.95      0.592      1         2         2         2         9    ▇▁▁▁▁
126 FSQ480             9203      0.0908       1.96      0.474      1         2         2         2         9    ▇▁▁▁▁
127 FSQ490             9203      0.0908       2.00      0.463      1         2         2         2         9    ▇▁▁▁▁
128 FSQ500             9203      0.0908       2.00      0.432      1         2         2         2         9    ▇▁▁▁▁
129 FSQ510            10098      0.00237      4.08      2.72       1         1.75      3.5       7        10    ▇▅▂▆▁
130 FSQ520            10021      0.00998      1.97      0.171      1         2         2         2         2    ▁▁▁▁▇
131 FSQ170              143      0.986        1.84      0.645      1         2         2         2         9    ▇▁▁▁▁
132 FSD170N             210      0.979        0.464     1.22       0         0         0         0         7    ▇▁▁▁▁
133 FSD180              210      0.979        1.90      0.325      1         2         2         2         9    ▇▁▁▁▁
134 FSD190             9162      0.0948       9.98      7.52       1         6        12        12        99    ▇▁▁▁▁
135 FSD200             9162      0.0948       1.17      0.784      1         1         1         1         9    ▇▁▁▁▁
136 FSQ162             2141      0.788        1.78      0.510      1         2         2         2         9    ▇▁▁▁▁
137 FSD650C            8379      0.172        1.49      0.531      1         1         1         2         9    ▇▁▁▁▁
138 FSD660C            9274      0.0838       1.16      0.446      1         1         1         1         9    ▇▁▁▁▁
139 FSD670C            9276      0.0836      13.9      12.7        1         4        11        23        57    ▇▁▂▁▁
140 FSD650M            9889      0.0230       1.46      0.701      1         1         1         2         9    ▇▁▁▁▁
141 FSD660M            9990      0.0130       1.14      0.344      1         1         1         1         2    ▇▁▁▁▁
142 FSD670M            9990      0.0130      11.6      12.5        1         5         9        12       108    ▇▁▁▁▁
143 LBXTC              2348      0.768      185.       43.5       68       154       179       210       704    ▇▅▁▁▁
144 LBXHDD             2349      0.768       54.5      14.9       19        44        53        63       154    ▅▇▁▁▁
145 LBDTCSI            2348      0.768        4.79      1.12       1.76      3.98      4.63      5.43     18.2  ▇▅▁▁▁
146 LBDHDDSI           2349      0.768        1.41      0.385      0.49      1.14      1.37      1.63      3.98 ▃▇▂▁▁
147 WTSAF2YR           6088      0.399    68036.    67480.         0     14455.    46040.   100888.   355659.   ▇▃▂▁▁
148 LBXTR              6442      0.364      125.      112.        20        66.8      98       151      2740    ▇▁▁▁▁
149 LBDTRSI            6442      0.364        1.41      1.26       0.226     0.753     1.11      1.70     30.9  ▇▁▁▁▁
150 LBDLDL             6504      0.357      106.       35.9       21        80       101       125       629    ▇▁▁▁▁
151 LBDLDLSI           6504      0.357        2.73      0.929      0.543     2.07      2.61      3.23     16.3  ▇▁▁▁▁
