National Health and Nutrition Examination Survey
Automated Data pull using `RNHANES` library in R
https://cran.r-project.org/web/packages/RNHANES/vignettes/introduction.html
Download: Wed Apr 28 16:40:52 2021 
Filename: _data/NHANES 04-28_1640 .csv
Files:  DEMO DIQ BPQ BPX FSQ L13 L13AM L10AM 
Cycles:  2001-2002 

── Data Summary ────────────────────────
                           Values
Name                       df_NH 
Number of rows             11039 
Number of columns          163   
_______________________          
Column type frequency:           
  character                2     
  numeric                  161   
________________________         
Group variables            None  

── Variable type: character ──────────────────────────────────────────────────────────────────────────────────────────────────────────────────────────────────────────────────────────────────────────────────────────────────────────────────────────────
  skim_variable n_missing complete_rate   min   max empty n_unique whitespace
1 Cycle                 0             1     9     9     0        1          0
2 SEQN_Cycle            0             1    14    15     0    11039          0

── Variable type: numeric ────────────────────────────────────────────────────────────────────────────────────────────────────────────────────────────────────────────────────────────────────────────────────────────────────────────────────────────────
    skim_variable n_missing complete_rate      mean         sd       p0       p25       p50       p75      p100 hist 
  1 SEQN                  0      1        15485      3187.     9966     12726.    15485     18244.     21004    ▇▇▇▇▇
  2 SDDSRVYR              0      1            2         0         2         2         2         2          2    ▁▁▇▁▁
  3 RIDSTATR              0      1            1.95      0.220     1         2         2         2          2    ▁▁▁▁▇
  4 RIDEXMON            562      0.949        1.51      0.500     1         1         2         2          2    ▇▁▁▁▇
  5 RIAGENDR              0      1            1.52      0.500     1         1         2         2          2    ▇▁▁▁▇
  6 RIDAGEYR              0      1           29.3      24.9       0        10        19        47         85    ▇▃▂▂▂
  7 RIDAGEMN            236      0.979      342.      285.        0       117       230       548       1019    ▇▃▂▂▂
  8 RIDAGEEX            735      0.933      336.      280.        0       117.      228.      537       1019    ▇▃▂▂▂
  9 RIDRETH1              0      1            2.78      1.19      1         1         3         4          5    ▅▁▇▅▁
 10 RIDRETH2              0      1            2.03      1.10      1         1         2         3          5    ▇▅▅▁▁
 11 DMQMILIT           4716      0.573        1.87      0.374     1         2         2         2          9    ▇▁▁▁▁
 12 DMDBORN               5      1.00         1.21      0.537     1         1         1         1          7    ▇▁▁▁▁
 13 DMDCITZN              4      1.00         1.11      0.359     1         1         1         1          9    ▇▁▁▁▁
 14 DMDYRSUS           9420      0.147        5.26     10.8       1         2         4         6         99    ▇▁▁▁▁
 15 DMDEDUC3           7310      0.338        8.00      9.43      0         4         7        10         99    ▇▁▁▁▁
 16 DMDEDUC2           5632      0.490        3.22      1.36      1         2         3         4          9    ▅▇▃▁▁
 17 DMDEDUC            1903      0.828        1.74      0.925     1         1         1         3          9    ▇▃▁▁▁
 18 DMDSCHOL           7576      0.314        1.39      0.674     1         1         1         2          3    ▇▁▂▁▁
 19 DMDMARTL           3782      0.657        2.98      2.58      1         1         2         5         77    ▇▁▁▁▁
 20 DMDHHSIZ              0      1            3.90      1.74      1         2         4         5          7    ▇▆▇▅▆
 21 INDHHINC           1026      0.907        7.15      5.81      1         4         7        10         99    ▇▁▁▁▁
 22 INDFMINC            193      0.983        8.06     11.8       1         4         6        10         99    ▇▁▁▁▁
 23 INDFMPIR            794      0.928        2.34      1.62      0         0.99      1.89      3.68       5    ▇▇▅▃▇
 24 RIDEXPRG           7492      0.321        2.04      0.491     1         2         2         2          3    ▁▁▇▁▂
 25 RIDPREG            7838      0.290        2.26      1.65      1         2         2         2          9    ▇▁▁▁▁
 26 DMDHRGND              2      1.00         1.44      0.496     1         1         1         2          2    ▇▁▁▁▆
 27 DMDHRAGE              2      1.00        44.5      16.5      15        32        41        53         85    ▃▇▅▂▂
 28 DMDHRBRN            352      0.968        1.34      0.643     1         1         1         1          7    ▇▁▁▁▁
 29 DMDHREDU            348      0.968        3.17      1.37      1         2         3         4          9    ▆▇▃▁▁
 30 DMDHRMAR            447      0.960        2.46      5.56      1         1         1         3         99    ▇▁▁▁▁
 31 DMDHSEDU           5257      0.524        3.24      1.38      1         2         3         4          9    ▅▇▃▁▁
 32 WTINT2YR              0      1        25362.    24444.     1492.     6983.    16605.    33937.    201188.   ▇▂▁▁▁
 33 WTINT4YR              0      1        13363.    12758.      683.     3528.     8564.    18523.     94901.   ▇▂▁▁▁
 34 WTMEC2YR              0      1        25362.    25767.        0      6497.    15543.    34976.    211851.   ▇▂▁▁▁
 35 WTMEC4YR              0      1        13554.    13709.        0      3342.     8380.    19187.    103831.   ▇▂▁▁▁
 36 SDMVPSU               0      1            1.50      0.500     1         1         1         2          2    ▇▁▁▁▇
 37 SDMVSTRA              0      1           20.9       4.27     14        17        21        25         28    ▇▇▇▇▇
 38 DIQ010              571      0.948        1.96      0.247     1         2         2         2          9    ▇▁▁▁▁
 39 DID040G           10511      0.0478       1.11      0.827     1         1         1         1          9    ▇▁▁▁▁
 40 DID040Q           10527      0.0464      48.6      18.9       1        38.8      50        61         88    ▂▃▇▇▂
 41 DIQ050              571      0.948        1.99      0.137     1         2         2         2          9    ▇▁▁▁▁
 42 DID060G           10891      0.0134       1.16      1.05      1         1         1         1          9    ▇▁▁▁▁
 43 DID060Q           10896      0.0130      10.3       8.67      1         4         8        14.5       42    ▇▃▁▁▁
 44 DIQ060U           10896      0.0130       1.87      0.341     1         2         2         2          2    ▁▁▁▁▇
 45 DIQ070            10511      0.0478       1.39      0.747     1         1         1         2          9    ▇▁▁▁▁
 46 DIQ080            10528      0.0463       1.85      0.977     1         1         2         2          9    ▇▁▁▁▁
 47 DIQ090             7554      0.316        1.96      0.275     1         2         2         2          9    ▇▁▁▁▁
 48 DIQ100             7554      0.316        1.78      0.450     1         2         2         2          9    ▇▁▁▁▁
 49 DIQ110            10270      0.0697       1.88      0.863     1         1         2         3          3    ▇▁▅▁▆
 50 DIQ120             7554      0.316        1.80      0.517     1         2         2         2          9    ▇▁▁▁▁
 51 DIQ130            10285      0.0683       1.86      0.853     1         1         2         3          3    ▇▁▅▁▆
 52 DIQ140             7554      0.316        1.76      0.544     1         1         2         2          9    ▇▁▁▁▁
 53 DIQ150            10152      0.0804       1.44      0.610     1         1         1         2          9    ▇▁▁▁▁
 54 BPQ010             4406      0.601        1.59      1.08      1         1         1         2          9    ▇▂▁▁▁
 55 BPQ020             4505      0.592        1.75      0.521     1         1         2         2          9    ▇▁▁▁▁
 56 BPQ030             9358      0.152        1.22      0.735     1         1         1         1          9    ▇▁▁▁▁
 57 BPQ040A            9358      0.152        1.22      0.552     1         1         1         1          9    ▇▁▁▁▁
 58 BPQ040B            9358      0.152        1.57      0.668     1         1         2         2          9    ▇▁▁▁▁
 59 BPQ040C            9358      0.152        1.39      0.733     1         1         1         2          9    ▇▁▁▁▁
 60 BPQ040D            9358      0.152        1.44      0.692     1         1         1         2          9    ▇▁▁▁▁
 61 BPQ040E            9358      0.152        1.81      0.568     1         2         2         2          9    ▇▁▁▁▁
 62 BPQ040F            9358      0.152        1.94      0.509     1         2         2         2          9    ▇▁▁▁▁
 63 BPQ043A           10982      0.00516      1         0         1         1         1         1          1    ▁▁▇▁▁
 64 BPQ043B           11034      0.000453     2         0         2         2         2         2          2    ▁▁▇▁▁
 65 BPQ043C           10986      0.00480      3         0         3         3         3         3          3    ▁▁▇▁▁
 66 BPQ043D           10990      0.00444      4         0         4         4         4         4          4    ▁▁▇▁▁
 67 BPQ050A            9700      0.121        1.12      0.321     1         1         1         1          2    ▇▁▁▁▁
 68 BPQ050B           10268      0.0698       1.21      0.410     1         1         1         1          2    ▇▁▁▁▂
 69 BPQ050C            9947      0.0989       1.14      0.345     1         1         1         1          2    ▇▁▁▁▁
 70 BPQ050D           10044      0.0901       1.39      0.488     1         1         1         2          2    ▇▁▁▁▅
 71 BPQ050E           10678      0.0327       1.21      0.410     1         1         1         1          2    ▇▁▁▁▂
 72 BPQ060             5629      0.490        1.62      1.60      1         1         1         2          9    ▇▁▁▁▁
 73 BPQ070             7432      0.327        1.67      1.17      1         1         1         2          9    ▇▂▁▁▁
 74 BPQ080             7432      0.327        1.69      0.812     1         1         2         2          9    ▇▁▁▁▁
 75 BPQ090A            9703      0.121        1.23      0.655     1         1         1         1          9    ▇▁▁▁▁
 76 BPQ090B            9703      0.121        1.51      0.646     1         1         1         2          9    ▇▁▁▁▁
 77 BPQ090C            9703      0.121        1.41      0.760     1         1         1         2          9    ▇▁▁▁▁
 78 BPQ090D            9703      0.121        1.49      0.578     1         1         1         2          9    ▇▁▁▁▁
 79 BPQ100A            9970      0.0968       1.18      0.385     1         1         1         1          2    ▇▁▁▁▂
 80 BPQ100B           10353      0.0621       1.22      0.413     1         1         1         1          2    ▇▁▁▁▂
 81 BPQ100C           10190      0.0769       1.31      0.465     1         1         1         2          2    ▇▁▁▁▃
 82 BPQ100D           10349      0.0625       1.20      0.398     1         1         1         1          2    ▇▁▁▁▂
 83 BPD110A            6965      0.369        1.70      0.554     1         1         2         2          9    ▇▁▁▁▁
 84 BPD110B            6965      0.369        1.85      0.461     1         2         2         2          9    ▇▁▁▁▁
 85 BPD110C            6965      0.369        1.87      0.415     1         2         2         2          9    ▇▁▁▁▁
 86 BPD120            10772      0.0242       1.54      0.678     1         1         2         2          9    ▇▁▁▁▁
 87 BPD130            10389      0.0589       1.68      0.552     1         1         2         2          9    ▇▁▁▁▁
 88 BPD140            10552      0.0441       1.76      0.546     1         1         2         2          9    ▇▁▁▁▁
 89 PEASCST1            562      0.949        1.08      0.394     1         1         1         1          3    ▇▁▁▁▁
 90 PEASCTM1            562      0.949      488.      263.        0       281       567       648       2268    ▃▇▁▁▁
 91 PEASCCT1            562      0.949        2.44     13.7       0         0         0         0         99    ▇▁▁▁▁
 92 BPXCHR             8870      0.196      109.       21.9      54        94       108       124        304    ▇▇▁▁▁
 93 BPQ150A            3120      0.717        1.62      0.485     1         1         2         2          2    ▅▁▁▁▇
 94 BPQ150B            3120      0.717        2.00      0.0159    1         2         2         2          2    ▁▁▁▁▇
 95 BPQ150C            3120      0.717        2.00      0.0514    1         2         2         2          2    ▁▁▁▁▇
 96 BPQ150D            3120      0.717        1.99      0.0881    1         2         2         2          2    ▁▁▁▁▇
 97 BPAARM             3119      0.717        1.03      0.426     1         1         1         1          8    ▇▁▁▁▁
 98 BPACSZ             3162      0.714        3.59      0.754     1         3         4         4          5    ▁▁▇▇▂
 99 BPXPLS             3142      0.715       74.6      12.9      32        66        74        82        136    ▁▇▇▁▁
100 BPXDB             10973      0.00598      3.68      2.82      1         1         4         5         15    ▇▇▁▁▁
101 BPXPULS             955      0.913        1.03      0.161     1         1         1         1          2    ▇▁▁▁▁
102 BPXPTY             3126      0.717        1.00      0.0318    1         1         1         1          2    ▇▁▁▁▁
103 BPXML1             3180      0.712      148.       21.8     100       130       140       160        280    ▅▇▁▁▁
104 BPXSY1             3913      0.646      120.       20.9      74       106       116       130        266    ▇▇▁▁▁
105 BPXDI1             3913      0.646       66.9      14.8       0        58        68        76        134    ▁▂▇▂▁
106 BPAEN1             3179      0.712        2.00      0.0113    1         2         2         2          2    ▁▁▁▁▇
107 BPXSY2             4142      0.625      119.       19.9      70       106       114       128        222    ▂▇▂▁▁
108 BPXDI2             4142      0.625       66.7      14.6       0        58        68        76        128    ▁▁▇▂▁
109 BPAEN2             3179      0.712        1.99      0.0712    1         2         2         2          2    ▁▁▁▁▇
110 BPXSY3             4202      0.619      118.       19.3      72       104       114       126        218    ▂▇▂▁▁
111 BPXDI3             4202      0.619       66.7      14.8       0        58        68        76        126    ▁▂▇▃▁
112 BPAEN3             3179      0.712        1.99      0.0998    1         2         2         2          2    ▁▁▁▁▇
113 BPXSY4             9466      0.142      118.       19.8      74       104       114       126        218    ▃▇▂▁▁
114 BPXDI4             9466      0.142       64.4      17.4       0        56        66        76        114    ▁▁▇▇▁
115 BPAEN4             8884      0.195        1.98      0.130     1         2         2         2          2    ▁▁▁▁▇
116 BPXSAR             3202      0.710      118.       19.8      72       105       114       127        266    ▆▇▁▁▁
117 BPXDAR             3202      0.710       66.4      14.5       0        58        67        75        127    ▁▁▇▂▁
118 FSD160             2108      0.809        1.79      0.499     1         2         2         2          9    ▇▁▁▁▁
119 FSD170N            9430      0.146        2.45      1.80      1         1         1         4          7    ▇▂▂▁▁
120 FSD180             9430      0.146        1.45      0.498     1         1         1         2          2    ▇▁▁▁▇
121 FSD190            10319      0.0652       9.72      7.01      1         6        12        12         99    ▇▁▁▁▁
122 FSD200            10319      0.0652       1.17      0.671     1         1         1         1          9    ▇▁▁▁▁
123 FSQ400            10161      0.0795       1.83      0.655     1         2         2         2          9    ▇▁▁▁▁
124 FSQ410            10859      0.0163       8.12     11.6       1         2         4        10         77    ▇▁▁▁▁
125 FSQ420            10161      0.0795       1.81      0.532     1         2         2         2          9    ▇▁▁▁▁
126 FSQ430            10161      0.0795       1.89      0.477     1         2         2         2          9    ▇▁▁▁▁
127 FSQ440            10161      0.0795       2.10      1.08      1         2         2         2          9    ▇▁▁▁▁
128 FSD450            10168      0.0789       1.95      0.212     1         2         2         2          2    ▁▁▁▁▇
129 FSQ460            10998      0.00371      3.49      3.16      1         1         3         5         14    ▇▂▁▁▁
130 FSQ470            10359      0.0616       1.90      0.509     1         2         2         2          9    ▇▁▁▁▁
131 FSQ480            10359      0.0616       1.91      0.499     1         2         2         2          9    ▇▁▁▁▁
132 FSQ490            10359      0.0616       1.98      0.517     1         2         2         2          9    ▇▁▁▁▁
133 FSQ500            10359      0.0616       1.98      0.425     1         2         2         2          9    ▇▁▁▁▁
134 FSQ510            11014      0.00226      4.08      4.31      1         2         3         3         15    ▇▁▁▁▁
135 FSD520            10361      0.0614       1.99      0.0856    1         2         2         2          2    ▁▁▁▁▇
136 FSD655             9201      0.167        1.5       0.530     1         1         1         2          9    ▇▁▁▁▁
137 FSD660C           10144      0.0811       1.13      0.489     1         1         1         1          9    ▇▁▁▁▁
138 FSD665            10169      0.0788       3.43      1.87      1         2         3         5          6    ▇▂▂▃▃
139 FSQ650            10587      0.0409       1.51      0.501     1         1         2         2          2    ▇▁▁▁▇
140 FSD660M           10816      0.0202       1.13      0.337     1         1         1         1          2    ▇▁▁▁▁
141 FSD670            10816      0.0202       1.78      0.789     1         1         2         2          3    ▇▁▆▁▅
142 HHFDSEC             682      0.938        1.52      0.928     1         1         1         2          4    ▇▁▁▂▁
143 ADFDSEC             682      0.938        1.49      0.900     1         1         1         2          4    ▇▁▁▁▁
144 CHFDSEC            3855      0.651        1.38      0.777     1         1         1         1          4    ▇▁▁▁▁
145 LBXTC              2752      0.751      187.       43.2      71       156       181       211        727    ▇▃▁▁▁
146 LBDHDL             2752      0.751       51.6      14.3      16        42        49        59        160    ▅▇▁▁▁
147 LBDTCSI            2752      0.751        4.83      1.12      1.84      4.03      4.68      5.46      18.8  ▇▃▁▁▁
148 LBDHDLSI           2752      0.751        1.34      0.371     0.41      1.09      1.27      1.53       4.14 ▅▇▁▁▁
149 WTSAF2YR.x         6575      0.404    60087.    60813.        0     15503.    38634.    87677.    523302.   ▇▂▁▁▁
150 WTSAF4YR.x         6575      0.404    32935.    33122.        0      7824.    21649.    49438.    263681.   ▇▂▁▁▁
151 LBXTR              7051      0.361      127.      131.       16        66        97.5     150       3780    ▇▁▁▁▁
152 LBDTRSI            7051      0.361        1.43      1.48      0.18      0.75      1.10      1.69      42.7  ▇▁▁▁▁
153 LBDLDL             7396      0.330      110.       34.3      20        86       106       130        316    ▂▇▂▁▁
154 LBDLDLSI           7396      0.330        2.85      0.887     0.52      2.22      2.74      3.36       8.17 ▂▇▂▁▁
155 WTSAF2YR.y         7373      0.332    63269.    64693.        0     12774.    43725.    90574.    523302.   ▇▂▁▁▁
156 WTSAF4YR.y         7373      0.332    34558.    34971.        0      6629.    24849.    50005.    263681.   ▇▂▁▁▁
157 LBXGLU             7598      0.312      101.       32.4      38.4      88.4      94.9     103.       686.   ▇▁▁▁▁
158 LBXGLUSI           7598      0.312        5.62      1.80      2.13      4.91      5.27      5.71      38.1  ▇▁▁▁▁
159 LBXCPSI            7660      0.306        0.790     0.437     0.021     0.517     0.692     0.956      6.83 ▇▁▁▁▁
160 LBXIN              7660      0.306       14.2      16.2       0.71      7.43     10.4      15.8      377.   ▇▁▁▁▁
161 LBXINSI            7660      0.306       85.4      97.0       4.26     44.6      62.6      94.8     2264.   ▇▁▁▁▁
