National Health and Nutrition Examination Survey
Automated Data pull using `RNHANES` library in R
https://cran.r-project.org/web/packages/RNHANES/vignettes/introduction.html
Download: Thu Apr 22 17:00:02 2021 
Filename: _data/NHANES 04-22_1700 .csv
Files:  DEMO DIQ BPQ FSQ L13 L13AM 
Cycles:  2001-2002 2003-2004 

── Data Summary ────────────────────────
                           Values
Name                       df_NH 
Number of rows             21161 
Number of columns          117   
Key                        NULL  
_______________________          
Column type frequency:           
  character                7     
  numeric                  110   
________________________         
Group variables            None  

── Variable type: character ──────────────────────────────────────────────────────────────────────────────────────────────────────────────────────────────────────────────────────────────────────────────────────────────────────────────────────────────
  skim_variable n_missing complete_rate   min   max empty n_unique whitespace
1 Cycle                 0         1         9     9     0        2          0
2 file_name.x        1046         0.951     3     3     0        1          0
3 file_name.y        8314         0.607     3     3     0        1          0
4 file_name.x.x         0         1         3     3     0        1          0
5 file_name.y.y      3343         0.842     3     3     0        1          0
6 file_name         12663         0.402     5     5     0        1          0
7 SEQN_Cycle            0         1        12    12     0        2          0

── Variable type: numeric ────────────────────────────────────────────────────────────────────────────────────────────────────────────────────────────────────────────────────────────────────────────────────────────────────────────────────────────────
    skim_variable n_missing complete_rate      mean        sd      p0      p25      p50      p75     p100 hist   
  1 SEQN              21161      0          NaN        NA       NA       NA       NA       NA        NA   " "    
  2 SDDSRVYR              0      1            2.48      0.500    2        2        2        3         3   "▇▁▁▁▇"
  3 RIDSTATR              0      1            1.95      0.216    1        2        2        2         2   "▁▁▁▁▇"
  4 RIDEXMON           1041      0.951        1.51      0.500    1        1        2        2         2   "▇▁▁▁▇"
  5 RIAGENDR              0      1            1.51      0.500    1        1        2        2         2   "▇▁▁▁▇"
  6 RIDAGEYR              0      1           29.6      25.1      0       10       19       48        85   "▇▃▂▂▂"
  7 RIDAGEMN            459      0.978      346.      288.       0      119      232      557      1019   "▇▅▂▂▂"
  8 RIDAGEEX           1427      0.933      342.      284.       0      119      230      548      1019   "▇▅▂▂▂"
  9 RIDRETH1              0      1            2.80      1.20     1        1        3        4         5   "▅▁▇▅▁"
 10 RIDRETH2              0      1            2.02      1.08     1        1        2        3         5   "▇▅▅▁▁"
 11 DMQMILIT           8912      0.579        1.87      0.362    1        2        2        2         9   "▇▁▁▁▁"
 12 DMDBORN               5      1.00         1.21      0.541    1        1        1        1         7   "▇▁▁▁▁"
 13 DMDCITZN              4      1.00         1.10      0.338    1        1        1        1         9   "▇▁▁▁▁"
 14 DMDYRSUS          18098      0.145        5.37     10.6      1        2        4        6        99   "▇▁▁▁▁"
 15 DMDEDUC3          14095      0.334        8.03      9.06     0        4        7       10        99   "▇▁▁▁▁"
 16 DMDEDUC2          10713      0.494        3.21      1.34     1        2        3        4         9   "▅▇▃▁▁"
 17 DMDEDUC            3647      0.828        1.75      0.923    1        1        1        3         9   "▇▃▁▁▁"
 18 DMDSCHOL          14571      0.311        1.40      0.668    1        1        1        2         3   "▇▁▂▁▁"
 19 DMDMARTL           7138      0.663        3.00      2.28     1        1        3        5        77   "▇▁▁▁▁"
 20 DMDHHSIZ              0      1            3.85      1.74     1        2        4        5         7   "▇▅▆▅▆"
 21 INDHHINC           1655      0.922        7.16      6.45     1        4        7       10        99   "▇▁▁▁▁"
 22 INDFMINC            351      0.983        7.83     11.4      1        4        6        9        99   "▇▁▁▁▁"
 23 INDFMPIR           1381      0.935        2.28      1.60     0        0.95     1.83     3.59      5   "▇▇▅▃▆"
 24 RIDEXPRG          14484      0.316        2.02      0.460    1        2        2        2         3   "▁▁▇▁▁"
 25 DMDHRGND              3      1.00         1.45      0.498    1        1        1        2         2   "▇▁▁▁▆"
 26 DMDHRAGE              3      1.00        44.6      16.8     15       32       41       54        85   "▃▇▅▂▂"
 27 DMDHRBRN            706      0.967        1.34      0.646    1        1        1        1         7   "▇▁▁▁▁"
 28 DMDHREDU            702      0.967        3.18      1.35     1        2        3        4         9   "▅▇▃▁▁"
 29 DMDHRMAR            736      0.965        2.52      5.60     1        1        1        3        99   "▇▁▁▁▁"
 30 DMDHSEDU           9998      0.528        3.25      1.37     1        2        3        4         9   "▅▇▃▁▁"
 31 WTINT2YR              0      1        26757.    25599.    1492.    6892.   17870.   37008.   201188.  "▇▂▁▁▁"
 32 WTMEC2YR              0      1        26757.    26988.       0     6462.   16855.   37652.   211851.  "▇▂▁▁▁"
 33 SDMVPSU               0      1            1.50      0.500    1        1        1        2         2   "▇▁▁▁▇"
 34 SDMVSTRA              0      1           28.0       8.64    14       20       28       35        43   "▇▇▇▇▇"
 35 X                  1046      0.951     5038.     2918.       1     2515     5029     7544.    10470   "▇▇▇▇▆"
 36 DIQ010             1048      0.950        1.96      0.282    1        2        2        2         9   "▇▁▁▁▁"
 37 DID040G           20074      0.0514       1.08      0.717    1        1        1        1         9   "▇▁▁▁▁"
 38 DID040Q           20101      0.0501      49.0      19.0      1       39       51       62        88   "▂▃▇▇▂"
 39 DIQ050             1048      0.950        1.99      0.129    1        2        2        2         9   "▇▁▁▁▁"
 40 DID060G           20869      0.0138       1.11      0.882    1        1        1        1         9   "▇▁▁▁▁"
 41 DID060Q           20875      0.0135      10.2       9.52     1        3        7       14        47   "▇▂▁▁▁"
 42 DIQ060U           20875      0.0135       1.88      0.320    1        2        2        2         2   "▁▁▁▁▇"
 43 DIQ070            20074      0.0514       1.35      0.658    1        1        1        2         9   "▇▁▁▁▁"
 44 DIQ080            20105      0.0499       1.84      0.864    1        2        2        2         9   "▇▁▁▁▁"
 45 DIQ090            14377      0.321        1.96      0.297    1        2        2        2         9   "▇▁▁▁▁"
 46 DIQ100            14377      0.321        1.78      0.463    1        2        2        2         9   "▇▁▁▁▁"
 47 DIQ110            19617      0.0730       1.88      0.872    1        1        2        3         3   "▇▁▅▁▆"
 48 DIQ120            14377      0.321        1.79      0.505    1        2        2        2         9   "▇▁▁▁▁"
 49 DIQ130            19637      0.0720       1.85      0.860    1        1        2        3         3   "▇▁▅▁▆"
 50 DIQ140            14377      0.321        1.74      0.556    1        1        2        2         9   "▇▁▁▁▁"
 51 DIQ150            19284      0.0887       1.43      0.578    1        1        1        2         9   "▇▁▁▁▁"
 52 BPQ010             8315      0.607        1.57      1.05     1        1        1        2         9   "▇▂▁▁▁"
 53 BPQ020             8489      0.599        1.74      0.562    1        1        2        2         9   "▇▁▁▁▁"
 54 BPQ030            17679      0.165        1.22      0.654    1        1        1        1         9   "▇▁▁▁▁"
 55 BPQ040A           17679      0.165        1.21      0.513    1        1        1        1         9   "▇▁▁▁▁"
 56 BPQ040B           17679      0.165        1.56      0.675    1        1        2        2         9   "▇▁▁▁▁"
 57 BPQ040C           17679      0.165        1.39      0.703    1        1        1        2         9   "▇▁▁▁▁"
 58 BPQ040D           17679      0.165        1.42      0.661    1        1        1        2         9   "▇▁▁▁▁"
 59 BPQ040E           17679      0.165        1.80      0.581    1        2        2        2         9   "▇▁▁▁▁"
 60 BPQ040F           17679      0.165        1.92      0.465    1        2        2        2         9   "▇▁▁▁▁"
 61 BPQ043A           21037      0.00586      1         0        1        1        1        1         1   "▁▁▇▁▁"
 62 BPQ043B           21152      0.000425     2         0        2        2        2        2         2   "▁▁▇▁▁"
 63 BPQ043C           21049      0.00529      3         0        3        3        3        3         3   "▁▁▇▁▁"
 64 BPQ043D           21052      0.00515      4         0        4        4        4        4         4   "▁▁▇▁▁"
 65 BPQ050A           18370      0.132        1.12      0.350    1        1        1        1         9   "▇▁▁▁▁"
 66 BPQ050B           19523      0.0774       1.22      0.493    1        1        1        1         9   "▇▁▁▁▁"
 67 BPQ050C           18912      0.106        1.13      0.340    1        1        1        1         2   "▇▁▁▁▁"
 68 BPQ050D           19071      0.0988       1.40      0.490    1        1        1        2         2   "▇▁▁▁▅"
 69 BPQ050E           20387      0.0366       1.21      0.411    1        1        1        1         2   "▇▁▁▁▂"
 70 BPQ060            10711      0.494        1.59      1.54     1        1        1        2         9   "▇▁▁▁▁"
 71 BPQ070            14068      0.335        1.63      1.13     1        1        1        2         9   "▇▂▁▁▁"
 72 BPQ080            14068      0.335        1.67      0.878    1        1        2        2         9   "▇▁▁▁▁"
 73 BPQ090A           18315      0.134        1.24      0.719    1        1        1        1         9   "▇▁▁▁▁"
 74 BPQ090B           18315      0.134        1.49      0.654    1        1        1        2         9   "▇▁▁▁▁"
 75 BPQ090C           18315      0.134        1.39      0.716    1        1        1        2         9   "▇▁▁▁▁"
 76 BPQ090D           18315      0.134        1.46      0.605    1        1        1        2         9   "▇▁▁▁▁"
 77 BPQ100A           18875      0.108        1.19      0.424    1        1        1        1         9   "▇▁▁▁▁"
 78 BPQ100B           19649      0.0715       1.22      0.417    1        1        1        1         2   "▇▁▁▁▂"
 79 BPQ100C           19320      0.0870       1.31      0.464    1        1        1        2         2   "▇▁▁▁▃"
 80 BPQ100D           19574      0.0750       1.19      0.396    1        1        1        1         2   "▇▁▁▁▂"
 81 BPD110A           13557      0.359        1.70      0.555    1        1        2        2         9   "▇▁▁▁▁"
 82 BPD110B           13557      0.359        1.84      0.466    1        2        2        2         9   "▇▁▁▁▁"
 83 BPD110C           13557      0.359        1.85      0.430    1        2        2        2         9   "▇▁▁▁▁"
 84 BPD120            20601      0.0265       1.51      0.592    1        1        1        2         9   "▇▁▁▁▁"
 85 BPD130            19827      0.0630       1.67      0.551    1        1        2        2         9   "▇▁▁▁▁"
 86 BPD140            20156      0.0475       1.75      0.492    1        1        2        2         9   "▇▁▁▁▁"
 87 FSD170N            9640      0.544        0.741     1.49     0        0        0        1         7   "▇▁▁▁▁"
 88 FSD180             9640      0.544        1.83      0.385    1        2        2        2         9   "▇▁▁▁▁"
 89 FSD190            19481      0.0794       9.87      7.31     1        6       12       12        99   "▇▁▁▁▁"
 90 FSD200            19481      0.0794       1.17      0.738    1        1        1        1         9   "▇▁▁▁▁"
 91 FSQ400            19077      0.0985       1.86      0.708    1        2        2        2         9   "▇▁▁▁▁"
 92 FSQ410            20763      0.0188       8.06     12.0      1        2        4        8        77   "▇▁▁▁▁"
 93 FSQ420            19077      0.0985       1.85      0.660    1        2        2        2         9   "▇▁▁▁▁"
 94 FSQ430            19077      0.0985       1.93      0.592    1        2        2        2         9   "▇▁▁▁▁"
 95 FSQ440            19077      0.0985       2.10      1.05     1        2        2        2         9   "▇▁▁▁▁"
 96 FSQ460            21081      0.00378      6.19     14.3      1        2        2.5      5        77   "▇▁▁▁▁"
 97 FSQ470            19562      0.0756       1.93      0.559    1        2        2        2         9   "▇▁▁▁▁"
 98 FSQ480            19562      0.0756       1.94      0.485    1        2        2        2         9   "▇▁▁▁▁"
 99 FSQ490            19562      0.0756       1.99      0.487    1        2        2        2         9   "▇▁▁▁▁"
100 FSQ500            19562      0.0756       1.99      0.429    1        2        2        2         9   "▇▁▁▁▁"
101 FSQ510            21112      0.00232      4.08      3.58     1        2        3        7        15   "▇▁▂▁▁"
102 FSD660C           19418      0.0824       1.14      0.468    1        1        1        1         9   "▇▁▁▁▁"
103 FSD660M           20806      0.0168       1.13      0.339    1        1        1        1         2   "▇▁▁▁▁"
104 LBXTC              5100      0.759      186.       43.3     68      155      180      211       727   "▇▃▁▁▁"
105 LBDTCSI            5100      0.759        4.81      1.12     1.76     4.01     4.65     5.46     18.8 "▇▃▁▁▁"
106 WTSAF2YR          12663      0.402    63860.    64183.       0    14972.   41095.   94284.   523302.  "▇▂▁▁▁"
107 LBXTR             13493      0.362      126.      122.      16       66       98      151      3780   "▇▁▁▁▁"
108 LBDTRSI           13493      0.362        1.42      1.38     0.18     0.75     1.11     1.7      42.7 "▇▁▁▁▁"
109 LBDLDL            13900      0.343      108.       35.2     20       84      103      128       629   "▇▂▁▁▁"
110 LBDLDLSI          13900      0.343        2.79      0.910    0.52     2.17     2.66     3.31     16.3 "▇▂▁▁▁"
